Q2714: 4256 3268 2126 881 1207 1428 4234 3425 596 3152
Q776: 2575 4918 4456 2656 586 2437 4240 4130 4553 3854
Q3557: 4325 291 4978 3753 1204 4041 3763 3067 1265 2011
Q2461: 1044 2010 864 4026 3362 2265 2366 3053 298 894
Q1709: 2857 2726 2508 2970 4674 4083 2262 284 2402 4391
Q316: 3113 664 2666 4965 3682 4859 4493 4696 3117 1854
Q2176: 4018 139 1482 4569 2488 4570 5017 1799 4519 91
Q1656: 2003 1227 3875 839 934 1243 405 2580 2490 3268
Q4716: 4286 1028 4130 4553 1502 435 1736 204 4332 2426
Q3906: 456 3019 158 3411 540 3718 3856 3100 2440 3052
Q35: 86 4249 881 2126 3268 1860 1031 970 4234 3052
Q1258: 2403 4937 3689 2979 1101 3684 2941 4040 503 958
Q4929: 3259 672 4441 2372 2389 2934 4836 4267 4615 3504
Q4445: 1276 288 4391 4967 1244 1195 3677 627 2262 1867
Q27: 3457 4216 563 3804 4143 4333 1859 4690 1272 143
Q2032: 770 4277 4934 3607 1295 889 94 1986 3861 962
Q3502: 3331 2088 4934 4227 3729 3763 1817 2611 447 4868
Q2040: 2666 3532 4653 3353 1586 4049 5 371 1227 4222
Q4354: 2 1690 5017 91 3373 1977 3038 1395 19 125
Q3833: 1038 3048 1713 3514 2941 3336 700 1926 1411 1715







