Q2714: 3188 3268 1130 4256 3908 2399 4967 670 2966 2615
Q776: 1323 4456 2656 2575 173 1799 2427 2473 4918 1492
Q3557: 291 716 3166 4325 3481 4282 810 4823 4978 2859
Q2461: 3362 3791 2870 1044 4386 1508 3396 3068 4725 3013
Q1709: 2726 2683 3005 79 1234 2402 2857 2701 2444 3628
Q316: 184 4336 2489 3113 2684 3399 3913 3697 1592 1169
Q2176: 139 3802 2488 4018 1254 1482 1200 67 1176 2952
Q1656: 839 2490 2828 2003 1227 1243 3483 991 934 3875
Q4716: 4184 1884 1028 1459 4332 2807 4286 1784 518 4170
Q3906: 792 4055 3904 3856 143 4705 2619 456 1319 1697
Q35: 1238 1192 4249 930 86 3544 2082 4523 1860 630
Q1258: 4937 2403 3689 1159 3065 326 4371 1187 3266 122
Q4929: 672 2389 1876 3259 4127 4389 2963 330 4267 3500
Q4445: 756 1164 649 1276 3956 116 4792 623 862 1710
Q27: 4216 2443 224 1024 3457 987 4125 1912 2626 3667
Q2032: 4346 1295 4986 770 3660 4277 841 426 3116 392
Q3502: 3370 3493 4569 3331 1954 739 4228 4576 4286 990
Q2040: 2458 1750 4980 2666 2172 2875 880 1626 416 2711
Q4354: 19 1690 1977 2 3529 2735 2460 1816 613 606
Q3833: 3048 2862 3838 985 1038 1091 1278 2845 1380 1368



