Q2714: 3188 3268 4967 3908 1130 4256 2399 670 2966 2615
Q776: 2575 1323 173 4456 1799 2656 2427 2473 1492 4918
Q3557: 4325 291 716 3481 4282 4823 810 3166 2859 1253
Q2461: 1044 3362 2870 3791 3068 1508 4386 3396 1370 4725
Q1709: 2726 3005 2683 1234 2402 79 2701 2444 2857 4995
Q316: 184 2684 3399 4336 3113 3913 3697 2489 1169 1592
Q2176: 139 1254 1482 3802 4018 2488 67 1176 1200 4085
Q1656: 839 2003 2490 2828 1227 1243 3483 991 934 3875
Q4716: 1459 4332 1884 4184 2807 1784 1028 518 4286 4170
Q3906: 792 4055 3856 4705 143 3904 2619 456 1319 1697
Q35: 930 1192 1238 3544 2082 4523 1860 630 4249 86
Q1258: 4937 2403 3065 326 1159 3689 4371 1187 122 3266
Q4929: 1876 2389 3259 672 4127 4389 2963 3500 4267 330
Q4445: 1276 756 116 1164 4792 3956 623 649 3308 2101
Q27: 4216 2443 1024 224 987 3457 4125 3390 2625 2626
Q2032: 770 4346 3660 4277 4986 1295 806 426 4757 5017
Q3502: 3493 3370 739 4228 1954 4569 4576 3331 584 4184
Q2040: 2458 4980 2666 1750 2172 1626 2875 880 416 4700
Q4354: 1977 19 2460 3529 2735 2 1690 1816 606 613
Q3833: 2862 3048 985 1038 1091 1278 2845 3838 3902 1853


